  N             X            W1             Y         Error            W2
  0    1.00000000    0.50000000    0.50000000    0.00000000   -0.25003799
  1    1.10000000    0.47618682    0.47619048    0.00000366   -0.22679372
  2    1.20000000    0.45453827    0.45454545    0.00000719   -0.20664673
  3    1.30000000    0.43477199    0.43478261    0.00001062   -0.18907023
  4    1.40000000    0.41665267    0.41666667    0.00001400   -0.17364487
  5    1.50000000    0.39998266    0.40000000    0.00001734   -0.16003343
  6    1.60000000    0.38459473    0.38461538    0.00002066   -0.14796228
  7    1.70000000    0.37034640    0.37037037    0.00002397   -0.13720751
  8    1.80000000    0.35711556    0.35714286    0.00002730   -0.12758446
  9    1.90000000    0.34479694    0.34482759    0.00003065   -0.11893975
 10    2.00000000    0.33329931    0.33333333    0.00003403   -0.11114514
Convergence in 3 iterations
 t = -2.5003799e-01
