  N             X            W1             Y         Error            W2
  0    2.00000000    1.19314718    1.19314718    0.00000000    0.24996632
  1    2.10000000    1.21812432    1.21812782    0.00000350    0.24939573
  2    2.20000000    1.24299539    1.24300281    0.00000743    0.24789192
  3    2.30000000    1.26767987    1.26769173    0.00001187    0.24569917
  4    2.40000000    1.29211849    1.29213540    0.00001692    0.24300145
  5    2.50000000    1.31626804    1.31629073    0.00002269    0.23993817
  6    2.60000000    1.34009753    1.34012683    0.00002930    0.23661557
  7    2.70000000    1.36358526    1.36362214    0.00003688    0.23311495
  8    2.80000000    1.38671670    1.38676227    0.00004558    0.22949867
  9    2.90000000    1.40948277    1.40953832    0.00005556    0.22581466
 10    3.00000000    1.43187862    1.43194562    0.00006700    0.22209971
Convergence in 3 iterations
 t =  2.4996632e-01
