  N             X            W1             Y         Error            W2
  
  0      1.00000000    0.50000000    0.50000000    0.00000000   -0.24998860
  
  1      1.10000000    0.47619168    0.47619048    0.00000120   -0.22674586
  
  2      1.20000000    0.45454786    0.45454545    0.00000241   -0.20659980
  
  3      1.30000000    0.43478625    0.43478261    0.00000364   -0.18902377
  
  4      1.40000000    0.41667157    0.41666667    0.00000490   -0.17359849
  
  5      1.50000000    0.40000621    0.40000000    0.00000621   -0.15998681
  
  6      1.60000000    0.38462296    0.38461538    0.00000758   -0.14791517
  
  7      1.70000000    0.37037938    0.37037037    0.00000901   -0.13715967
  
  8      1.80000000    0.35715337    0.35714286    0.00001051   -0.12753570
 
  9      1.90000000    0.34483968    0.34482759    0.00001209   -0.11888991
 
  10      2.00000000    0.33334709    0.33333333    0.00001376   -0.11109406


Convergence in 3 iterations
 t = -2.4998860e-01
