  N             X            W1             Y         Error            W2
  0    2.00000000    1.19314718    1.19314718    0.00000000    0.24999821
  1    2.10000000    1.21812768    1.21812782    0.00000014    0.24943122
  2    2.20000000    1.24300251    1.24300281    0.00000030    0.24793184
  3    2.30000000    1.26769124    1.26769173    0.00000049    0.24574443
  4    2.40000000    1.29213470    1.29213540    0.00000071    0.24305303
  5    2.50000000    1.31628977    1.31629073    0.00000096    0.23999716
  6    2.60000000    1.34012558    1.34012683    0.00000125    0.23668316
  7    2.70000000    1.36362056    1.36362214    0.00000159    0.23319248
  8    2.80000000    1.38676030    1.38676227    0.00000197    0.22958764
  9    2.90000000    1.40953591    1.40953832    0.00000242    0.22591673
 10    3.00000000    1.43194270    1.43194562    0.00000292    0.22221674
Convergence in 3 iterations
 t =  2.4999821e-01
